id
necomanma621
adelaasvobodova
newspainshine
katsuran299
shishi_0717
spckr22
tg0124
603oink__
yumi_s1011
hanabusa1646
gaktau_gelap
