id
mialemon0408
ewenlai
tinyhangrytiff
shihmiko
sam231111
ting.0824
eight.8_8
lidyalimliwaty
chi320866
sidney_0218
___woo123
peng.yiting
lin.abbie
euni_0415
alyssa__0203
hikasahara0731
a_amiee_life
cullens74945
