id
q8_8p123
winnieya19
xmwz7899
popo_lin0523
lumimi
shihmiko
chuchumo26
svadhishthana_
candy838689
yaling.1226
yun__0909
hikaka0904
vi188200
kimo0215
sloth.loves.food
kung_ming_tseng
whh_1226
yel.821
